612
698
873
709
892
841
854
944
708
640
1049
1192
1020
1142
768
1020
864
1210
1844
828
720
1203
930
1063
1245
1258
915
887
1666
1586
864
1268
1324
1610
1445
1378
1378
1022
875
1089
864
1149
864
1072
1306
864
1656
864
1337
1495
1461
1852
1149
860
1148
1383
894
1096
892
1630
1445
1158
1482
1378
1981
1287
990
1522
1382
1477
1558
1052
1253
1560
1114
1054
1061
1742
1085
1812
1523
1774
1110
1490
2119
1683
1700
1516
1396
1810
2071
1422
1506
1217
1760
1341
1489
1456
1117
1650
1934
1144
1788
1922
1281
3082
1717
1970
1716
1671
1698
1982
1955
1775
2402
1427
1891
2110
1346
1437
1416
1838
2073
1894
1734
1466
1802
1879
1541
1755
1888
1848
1466
1432
2600
1680
1552
1684
2098
1800
2084
1444
1596
1767
1606
1947
2673
2353
1611
1622
1567
1658
1978
1830
2344
1894
1816
1685
2061
1994
2524
2367
2166
3176
1629
1698
2206
1803
2389
1483
2327
1718
1620
1620
1730
1876
2006
2746
1740
1717
1718
1652
1906
2079
1950
2140
2814
1913
2392
2200
2006
3685
1746
4004
2258
2667
3903
3610
2863
2104
2325
3279
3279